data/model_dt90inc.grd
DSAA
81 81
-20 60
-20 60
-5.61428 141.916
[rows 33 to 65 of 81, columns 0 to 73 of 81]
-4.958 -4.958 -4.958 -4.958 -4.958 -4.958 -4.958 -4.958 -4.958 -4.958 -4.958 -4.958 -4.958 -4.958 -4.958 -4.958 -4.958 -4.958 -4.958 -4.958 -4.958 -5.184 -5.381 -5.531 -5.61 -5.582 -5.4 -4.998 -4.283 -3.114 -1.28 1.548 5.839 12.07 20.23 29.09 36.57 41.13 42.24 40.25 36.52 32.96 30.67 29.59 29.21 29.08 28.92 28.53 27.82 26.71 25.15 23.11 20.61 17.71 14.54 11.27 8.085 5.159 2.61 0.4973 0.4973 0.4973 0.4973 0.4973 0.4973 0.4973 0.4973 0.4973 0.4973 0.4973 0.4973 0.4973 0.4973 0.4973
-5.05 -5.05 -5.05 -5.05 -5.05 -5.05 -5.05 -5.05 -5.05 -5.05 -5.05 -5.05 -5.05 -5.05 -5.05 -5.05 -5.05 -5.05 -5.05 -5.05 -5.05 -5.269 -5.452 -5.577 -5.614 -5.521 -5.238 -4.681 -3.726 -2.178 0.2841 4.207 10.48 20.23 33.8 48.93 61.33 68.07 68.38 62.8 54.04 46.18 41.32 39.02 38.14 37.79 37.49 36.96 36.06 34.66 32.71 30.17 27.04 23.4 19.42 15.3 11.3 7.637 4.453 1.821 1.821 1.821 1.821 1.821 1.821 1.821 1.821 1.821 1.821 1.821 1.821 1.821 1.821 1.821
-5.128 -5.128 -5.128 -5.128 -5.128 -5.128 -5.128 -5.128 -5.128 -5.128 -5.128 -5.128 -5.128 -5.128 -5.128 -5.128 -5.128 -5.128 -5.128 -5.128 -5.128 -5.339 -5.506 -5.603 -5.594 -5.43 -5.039 -4.319 -3.114 -1.173 1.938 7.007 15.42 29.09 48.93 71.47 89.61 98.82 98.08 88.14 73.25 60.26 52.46 48.81 47.38 46.81 46.37 45.7 44.58 42.89 40.54 37.46 33.68 29.28 24.45 19.47 14.62 10.19 6.351 3.186 3.186 3.186 3.186 3.186 3.186 3.186 3.186 3.186 3.186 3.186 3.186 3.186 3.186 3.186
-5.194 -5.194 -5.194 -5.194 -5.194 -5.194 -5.194 -5.194 -5.194 -5.194 -5.194 -5.194 -5.194 -5.194 -5.194 -5.194 -5.194 -5.194 -5.194 -5.194 -5.194 -5.394 -5.542 -5.609 -5.552 -5.315 -4.814 -3.931 -2.484 -0.1761 3.518 9.574 19.75 36.57 61.33 89.61 112.3 123.5 122.1 109 89.59 72.81 62.81 58.17 56.34 55.6 55.05 54.23 52.91 50.93 48.17 44.57 40.14 35 29.35 23.52 17.86 12.68 8.207 4.524 4.524 4.524 4.524 4.524 4.524 4.524 4.524 4.524 4.524 4.524 4.524 4.524 4.524 4.524
-5.246 -5.246 -5.246 -5.246 -5.246 -5.246 -5.246 -5.246 -5.246 -5.246 -5.246 -5.246 -5.246 -5.246 -5.246 -5.246 -5.246 -5.246 -5.246 -5.246 -5.246 -5.435 -5.563 -5.598 -5.492 -5.181 -4.574 -3.538 -1.873 0.745 4.882 11.59 22.76 41.13 68.07 98.82 123.5 135.9 134.6 120.7 99.95 82 71.34 66.43 64.51 63.73 63.11 62.17 60.65 58.38 55.22 51.13 46.1 40.25 33.85 27.25 20.84 14.99 9.931 5.772 5.772 5.772 5.772 5.772 5.772 5.772 5.772 5.772 5.772 5.772 5.772 5.772 5.772 5.772
-5.286 -5.286 -5.286 -5.286 -5.286 -5.286 -5.286 -5.286 -5.286 -5.286 -5.286 -5.286 -5.286 -5.286 -5.286 -5.286 -5.286 -5.286 -5.286 -5.286 -5.286 -5.462 -5.569 -5.571 -5.417 -5.036 -4.329 -3.154 -1.305 1.545 5.949 12.9 24.17 42.24 68.38 98.08 122.1 134.6 134.3 122.1 103.4 87.15 77.56 73.23 71.59 70.93 70.32 69.3 67.59 65.03 61.49 56.92 51.33 44.86 37.78 30.51 23.45 17.02 11.46 6.882 6.882 6.882 6.882 6.882 6.882 6.882 6.882 6.882 6.882 6.882 6.882 6.882 6.882 6.882
-5.313 -5.313 -5.313 -5.313 -5.313 -5.313 -5.313 -5.313 -5.313 -5.313 -5.313 -5.313 -5.313 -5.313 -5.313 -5.313 -5.313 -5.313 -5.313 -5.313 -5.313 -5.476 -5.562 -5.533 -5.332 -4.885 -4.087 -2.792 -0.795 2.212 6.719 13.55 24.1 40.25 62.8 88.14 109 120.7 122.1 113.9 100.4 88.54 81.59 78.59 77.59 77.23 76.73 75.66 73.78 70.91 66.97 61.9 55.77 48.73 41.08 33.23 25.64 18.72 12.74 7.824 7.824 7.824 7.824 7.824 7.824 7.824 7.824 7.824 7.824 7.824 7.824 7.824 7.824 7.824
-5.328 -5.328 -5.328 -5.328 -5.328 -5.328 -5.328 -5.328 -5.328 -5.328 -5.328 -5.328 -5.328 -5.328 -5.328 -5.328 -5.328 -5.328 -5.328 -5.328 -5.328 -5.477 -5.543 -5.484 -5.24 -4.733 -3.854 -2.458 -0.3454 2.76 7.259 13.76 23.16 36.52 54.04 73.25 89.59 99.95 103.4 100.4 93.76 87.59 84.09 82.88 82.82 82.96 82.7 81.65 79.57 76.32 71.87 66.24 59.53 51.94 43.76 35.43 27.4 20.09 13.78 8.587 8.587 8.587 8.587 8.587 8.587 8.587 8.587 8.587 8.587 8.587 8.587 8.587 8.587 8.587
-5.331 -5.331 -5.331 -5.331 -5.331 -5.331 -5.331 -5.331 -5.331 -5.331 -5.331 -5.331 -5.331 -5.331 -5.331 -5.331 -5.331 -5.331 -5.331 -5.331 -5.331 -5.468 -5.514 -5.427 -5.144 -4.584 -3.636 -2.155 0.04774 3.216 7.665 13.8 22.09 32.96 46.18 60.26 72.81 82 87.15 88.54 87.59 86.34 86.03 86.7 87.8 88.73 88.94 87.99 85.65 81.84 76.64 70.23 62.79 54.58 45.9 37.14 28.75 21.14 14.58 9.174 9.174 9.174 9.174 9.174 9.174 9.174 9.174 9.174 9.174 9.174 9.174 9.174 9.174 9.174
-5.324 -5.324 -5.324 -5.324 -5.324 -5.324 -5.324 -5.324 -5.324 -5.324 -5.324 -5.324 -5.324 -5.324 -5.324 -5.324 -5.324 -5.324 -5.324 -5.324 -5.324 -5.448 -5.477 -5.365 -5.048 -4.443 -3.436 -1.886 0.3883 3.604 8.009 13.87 21.4 30.67 41.32 52.46 62.81 71.34 77.56 81.59 84.09 86.03 88.13 90.61 93.21 95.39 96.44 95.75 93.03 88.3 81.88 74.24 65.79 56.82 47.59 38.44 29.75 21.9 15.15 9.596 9.596 9.596 9.596 9.596 9.596 9.596 9.596 9.596 9.596 9.596 9.596 9.596 9.596 9.596
-5.307 -5.307 -5.307 -5.307 -5.307 -5.307 -5.307 -5.307 -5.307 -5.307 -5.307 -5.307 -5.307 -5.307 -5.307 -5.307 -5.307 -5.307 -5.307 -5.307 -5.307 -5.42 -5.433 -5.3 -4.955 -4.312 -3.259 -1.654 0.6765 3.931 8.317 14.02 21.13 29.59 39.02 48.81 58.17 66.43 73.23 78.59 82.88 86.7 90.61 94.95 99.57 103.7 106.1 105.9 102.6 96.43 88.07 78.56 68.67 58.74 48.9 39.37 30.43 22.4 15.52 9.865 9.865 9.865 9.865 9.865 9.865 9.865 9.865 9.865 9.865 9.865 9.865 9.865 9.865 9.865
-5.281 -5.281 -5.281 -5.281 -5.281 -5.281 -5.281 -5.281 -5.281 -5.281 -5.281 -5.281 -5.281 -5.281 -5.281 -5.281 -5.281 -5.281 -5.281 -5.281 -5.281 -5.384 -5.385 -5.234 -4.867 -4.195 -3.108 -1.463 0.9075 4.192 8.575 14.2 21.12 29.21 38.14 47.38 56.34 64.51 71.59 77.59 82.82 87.8 93.21 99.57 106.8 113.5 118 118.5 114.4 106.1 95.1 83.1 71.39 60.32 49.84 39.95 30.81 22.66 15.7 9.992 9.992 9.992 9.992 9.992 9.992 9.992 9.992 9.992 9.992 9.992 9.992 9.992 9.992 9.992
-5.247 -5.247 -5.247 -5.247 -5.247 -5.247 -5.247 -5.247 -5.247 -5.247 -5.247 -5.247 -5.247 -5.247 -5.247 -5.247 -5.247 -5.247 -5.247 -5.247 -5.247 -5.342 -5.333 -5.169 -4.787 -4.097 -2.988 -1.319 1.074 4.372 8.752 14.34 21.16 29.08 37.79 46.81 55.6 63.73 70.93 77.23 82.96 88.73 95.39 103.7 113.5 123.2 129.8 131 126.1 115.7 101.8 87.14 73.56 61.4 50.34 40.17 30.9 22.69 15.7 9.982 9.982 9.982 9.982 9.982 9.982 9.982 9.982 9.982 9.982 9.982 9.982 9.982 9.982 9.982
-5.206 -5.206 -5.206 -5.206 -5.206 -5.206 -5.206 -5.206 -5.206 -5.206 -5.206 -5.206 -5.206 -5.206 -5.206 -5.206 -5.206 -5.206 -5.206 -5.206 -5.206 -5.295 -5.279 -5.108 -4.717 -4.019 -2.902 -1.229 1.165 4.456 8.812 14.35 21.1 28.92 37.49 46.37 55.05 63.11 70.32 76.73 82.7 88.94 96.44 106.1 118 129.8 138 139.8 134.3 122.2 106.2 89.58 74.65 61.72 50.29 39.97 30.66 22.47 15.52 9.836 9.836 9.836 9.836 9.836 9.836 9.836 9.836 9.836 9.836 9.836 9.836 9.836 9.836 9.836
-5.159 -5.159 -5.159 -5.159 -5.159 -5.159 -5.159 -5.159 -5.159 -5.159 -5.159 -5.159 -5.159 -5.159 -5.159 -5.159 -5.159 -5.159 -5.159 -5.159 -5.159 -5.244 -5.224 -5.051 -4.66 -3.965 -2.856 -1.196 1.173 4.427 8.728 14.19 20.84 28.53 36.96 45.7 54.23 62.17 69.3 75.66 81.65 87.99 95.75 105.9 118.5 131 139.8 141.9 136.2 123.6 106.8 89.51 74.15 61.03 49.57 39.3 30.08 21.99 15.14 9.547 9.547 9.547 9.547 9.547 9.547 9.547 9.547 9.547 9.547 9.547 9.547 9.547 9.547 9.547
-5.106 -5.106 -5.106 -5.106 -5.106 -5.106 -5.106 -5.106 -5.106 -5.106 -5.106 -5.106 -5.106 -5.106 -5.106 -5.106 -5.106 -5.106 -5.106 -5.106 -5.106 -5.189 -5.17 -5 -4.617 -3.936 -2.851 -1.228 1.089 4.27 8.474 13.81 20.31 27.82 36.06 44.58 52.91 60.65 67.59 73.78 79.57 85.65 93.03 102.6 114.4 126.1 134.3 136.2 130.8 118.8 102.9 86.51 71.83 59.19 48.09 38.1 29.12 21.23 14.55 9.104 9.104 9.104 9.104 9.104 9.104 9.104 9.104 9.104 9.104 9.104 9.104 9.104 9.104 9.104
-5.047 -5.047 -5.047 -5.047 -5.047 -5.047 -5.047 -5.047 -5.047 -5.047 -5.047 -5.047 -5.047 -5.047 -5.047 -5.047 -5.047 -5.047 -5.047 -5.047 -5.047 -5.132 -5.116 -4.956 -4.589 -3.935 -2.89 -1.326 0.9076 3.975 8.031 13.19 19.45 26.71 34.66 42.89 50.93 58.38 65.03 70.91 76.32 81.84 88.3 96.43 106.1 115.7 122.2 123.6 118.8 108.6 95 80.8 67.75 56.2 45.8 36.32 27.72 20.15 13.73 8.495 8.495 8.495 8.495 8.495 8.495 8.495 8.495 8.495 8.495 8.495 8.495 8.495 8.495 8.495
-4.985 -4.985 -4.985 -4.985 -4.985 -4.985 -4.985 -4.985 -4.985 -4.985 -4.985 -4.985 -4.985 -4.985 -4.985 -4.985 -4.985 -4.985 -4.985 -4.985 -4.985 -5.072 -5.064 -4.918 -4.576 -3.961 -2.973 -1.493 0.6254 3.537 7.389 12.29 18.25 25.15 32.71 40.54 48.17 55.22 61.49 66.97 71.87 76.64 81.88 88.07 95.1 101.8 106.2 106.8 102.9 95 84.48 73.16 62.28 52.18 42.75 33.95 25.88 18.74 12.66 7.713 7.713 7.713 7.713 7.713 7.713 7.713 7.713 7.713 7.713 7.713 7.713 7.713 7.713 7.713
-4.917 -4.917 -4.917 -4.917 -4.917 -4.917 -4.917 -4.917 -4.917 -4.917 -4.917 -4.917 -4.917 -4.917 -4.917 -4.917 -4.917 -4.917 -4.917 -4.917 -4.917 -5.01 -5.013 -4.887 -4.577 -4.012 -3.099 -1.724 0.2456 2.956 6.546 11.11 16.67 23.11 30.17 37.46 44.57 51.13 56.92 61.9 66.24 70.23 74.24 78.56 83.1 87.14 89.58 89.51 86.51 80.8 73.16 64.61 55.9 47.33 38.99 31.01 23.59 16.98 11.35 6.756 6.756 6.756 6.756 6.756 6.756 6.756 6.756 6.756 6.756 6.756 6.756 6.756 6.756 6.756
-4.846 -4.846 -4.846 -4.846 -4.846 -4.846 -4.846 -4.846 -4.846 -4.846 -4.846 -4.846 -4.846 -4.846 -4.846 -4.846 -4.846 -4.846 -4.846 -4.846 -4.846 -4.945 -4.963 -4.861 -4.59 -4.085 -3.26 -2.013 -0.2223 2.246 5.516 9.677 14.74 20.61 27.04 33.68 40.14 46.1 51.33 55.77 59.53 62.79 65.79 68.67 71.39 73.56 74.65 74.15 71.83 67.75 62.28 55.9 49.01 41.85 34.63 27.54 20.89 14.91 9.806 5.636 5.636 5.636 5.636 5.636 5.636 5.636 5.636 5.636 5.636 5.636 5.636 5.636 5.636 5.636
-4.77 -4.77 -4.77 -4.77 -4.77 -4.77 -4.77 -4.77 -4.77 -4.77 -4.77 -4.77 -4.77 -4.77 -4.77 -4.77 -4.77 -4.77 -4.77 -4.77 -4.77 -4.877 -4.911 -4.837 -4.611 -4.174 -3.45 -2.348 -0.7607 1.429 4.332 8.023 12.51 17.71 23.4 29.28 35 40.25 44.86 48.73 51.94 54.58 56.82 58.74 60.32 61.4 61.72 61.03 59.19 56.2 52.18 47.33 41.85 35.94 29.79 23.65 17.83 12.58 8.071 4.386 4.386 4.386 4.386 4.386 4.386 4.386 4.386 4.386 4.386 4.386 4.386 4.386 4.386 4.386
-4.689 -4.689 -4.689 -4.689 -4.689 -4.689 -4.689 -4.689 -4.689 -4.689 -4.689 -4.689 -4.689 -4.689 -4.689 -4.689 -4.689 -4.689 -4.689 -4.689 -4.689 -4.806 -4.857 -4.814 -4.636 -4.272 -3.657 -2.712 -1.344 0.5439 3.045 6.223 10.08 14.54 19.42 24.45 29.35 33.85 37.78 41.08 43.76 45.9 47.59 48.9 49.84 50.34 50.29 49.57 48.09 45.8 42.75 38.99 34.63 29.79 24.66 19.49 14.55 10.07 6.213 3.051 3.051 3.051 3.051 3.051 3.051 3.051 3.051 3.051 3.051 3.051 3.051 3.051 3.051 3.051
-4.603 -4.603 -4.603 -4.603 -4.603 -4.603 -4.603 -4.603 -4.603 -4.603 -4.603 -4.603 -4.603 -4.603 -4.603 -4.603 -4.603 -4.603 -4.603 -4.603 -4.603 -4.73 -4.799 -4.787 -4.659 -4.37 -3.867 -3.084 -1.943 -0.366 1.722 4.368 7.573 11.27 15.3 19.47 23.52 27.25 30.51 33.23 35.43 37.14 38.44 39.37 39.95 40.17 39.97 39.3 38.1 36.32 33.95 31.01 27.54 23.65 19.49 15.27 11.21 7.513 4.322 1.696 1.696 1.696 1.696 1.696 1.696 1.696 1.696 1.696 1.696 1.696 1.696 1.696 1.696 1.696
-4.512 -4.512 -4.512 -4.512 -4.512 -4.512 -4.512 -4.512 -4.512 -4.512 -4.512 -4.512 -4.512 -4.512 -4.512 -4.512 -4.512 -4.512 -4.512 -4.512 -4.512 -4.648 -4.736 -4.754 -4.674 -4.461 -4.068 -3.443 -2.525 -1.252 0.4316 2.561 5.131 8.085 11.3 14.62 17.86 20.84 23.45 25.64 27.4 28.75 29.75 30.43 30.81 30.9 30.66 30.08 29.12 27.72 25.88 23.59 20.89 17.83 14.55 11.21 7.986 5.044 2.493 0.3865 0.3865 0.3865 0.3865 0.3865 0.3865 0.3865 0.3865 0.3865 0.3865 0.3865 0.3865 0.3865 0.3865 0.3865
-4.415 -4.415 -4.415 -4.415 -4.415 -4.415 -4.415 -4.415 -4.415 -4.415 -4.415 -4.415 -4.415 -4.415 -4.415 -4.415 -4.415 -4.415 -4.415 -4.415 -4.415 -4.559 -4.664 -4.711 -4.678 -4.535 -4.246 -3.77 -3.061 -2.071 -0.7612 0.8917 2.881 5.159 7.637 10.19 12.68 14.99 17.02 18.72 20.09 21.14 21.9 22.4 22.66 22.69 22.47 21.99 21.23 20.15 18.74 16.98 14.91 12.58 10.07 7.513 5.044 2.783 0.8143 -0.8165 -0.8165 -0.8165 -0.8165 -0.8165 -0.8165 -0.8165 -0.8165 -0.8165 -0.8165 -0.8165 -0.8165 -0.8165 -0.8165 -0.8165
-4.312 -4.312 -4.312 -4.312 -4.312 -4.312 -4.312 -4.312 -4.312 -4.312 -4.312 -4.312 -4.312 -4.312 -4.312 -4.312 -4.312 -4.312 -4.312 -4.312 -4.312 -4.464 -4.583 -4.657 -4.665 -4.586 -4.392 -4.05 -3.527 -2.789 -1.808 -0.5713 0.9136 2.61 4.452 6.351 8.207 9.931 11.46 12.74 13.78 14.58 15.15 15.52 15.7 15.7 15.52 15.14 14.55 13.73 12.66 11.35 9.806 8.071 6.213 4.322 2.493 0.8143 -0.6507 -1.867 -1.867 -1.867 -1.867 -1.867 -1.867 -1.867 -1.867 -1.867 -1.867 -1.867 -1.867 -1.867 -1.867 -1.867
-4.204 -4.204 -4.204 -4.204 -4.204 -4.204 -4.204 -4.204 -4.204 -4.204 -4.204 -4.204 -4.204 -4.204 -4.204 -4.204 -4.204 -4.204 -4.204 -4.204 -4.204 -4.361 -4.493 -4.589 -4.634 -4.61 -4.497 -4.271 -3.908 -3.384 -2.681 -1.791 -0.7223 0.4973 1.821 3.186 4.524 5.772 6.882 7.824 8.587 9.174 9.596 9.865 9.992 9.982 9.836 9.547 9.104 8.495 7.713 6.756 5.636 4.386 3.051 1.696 0.3865 -0.8165 -1.867 -2.739 -2.739 -2.739 -2.739 -2.739 -2.739 -2.739 -2.739 -2.739 -2.739 -2.739 -2.739 -2.739 -2.739 -2.739
-4.204 -4.204 -4.204 -4.204 -4.204 -4.204 -4.204 -4.204 -4.204 -4.204 -4.204 -4.204 -4.204 -4.204 -4.204 -4.204 -4.204 -4.204 -4.204 -4.204 -4.204 -4.361 -4.493 -4.589 -4.634 -4.61 -4.497 -4.271 -3.908 -3.384 -2.681 -1.791 -0.7223 0.4973 1.821 3.186 4.524 5.772 6.882 7.824 8.587 9.174 9.596 9.865 9.992 9.982 9.836 9.547 9.104 8.495 7.713 6.756 5.636 4.386 3.051 1.696 0.3865 -0.8165 -1.867 -2.739 -2.739 -2.739 -2.739 -2.739 -2.739 -2.739 -2.739 -2.739 -2.739 -2.739 -2.739 -2.739 -2.739 -2.739
-4.204 -4.204 -4.204 -4.204 -4.204 -4.204 -4.204 -4.204 -4.204 -4.204 -4.204 -4.204 -4.204 -4.204 -4.204 -4.204 -4.204 -4.204 -4.204 -4.204 -4.204 -4.361 -4.493 -4.589 -4.634 -4.61 -4.497 -4.271 -3.908 -3.384 -2.681 -1.791 -0.7223 0.4973 1.821 3.186 4.524 5.772 6.882 7.824 8.587 9.174 9.596 9.865 9.992 9.982 9.836 9.547 9.104 8.495 7.713 6.756 5.636 4.386 3.051 1.696 0.3865 -0.8165 -1.867 -2.739 -2.739 -2.739 -2.739 -2.739 -2.739 -2.739 -2.739 -2.739 -2.739 -2.739 -2.739 -2.739 -2.739 -2.739
-4.204 -4.204 -4.204 -4.204 -4.204 -4.204 -4.204 -4.204 -4.204 -4.204 -4.204 -4.204 -4.204 -4.204 -4.204 -4.204 -4.204 -4.204 -4.204 -4.204 -4.204 -4.361 -4.493 -4.589 -4.634 -4.61 -4.497 -4.271 -3.908 -3.384 -2.681 -1.791 -0.7223 0.4973 1.821 3.186 4.524 5.772 6.882 7.824 8.587 9.174 9.596 9.865 9.992 9.982 9.836 9.547 9.104 8.495 7.713 6.756 5.636 4.386 3.051 1.696 0.3865 -0.8165 -1.867 -2.739 -2.739 -2.739 -2.739 -2.739 -2.739 -2.739 -2.739 -2.739 -2.739 -2.739 -2.739 -2.739 -2.739 -2.739
-4.204 -4.204 -4.204 -4.204 -4.204 -4.204 -4.204 -4.204 -4.204 -4.204 -4.204 -4.204 -4.204 -4.204 -4.204 -4.204 -4.204 -4.204 -4.204 -4.204 -4.204 -4.361 -4.493 -4.589 -4.634 -4.61 -4.497 -4.271 -3.908 -3.384 -2.681 -1.791 -0.7223 0.4973 1.821 3.186 4.524 5.772 6.882 7.824 8.587 9.174 9.596 9.865 9.992 9.982 9.836 9.547 9.104 8.495 7.713 6.756 5.636 4.386 3.051 1.696 0.3865 -0.8165 -1.867 -2.739 -2.739 -2.739 -2.739 -2.739 -2.739 -2.739 -2.739 -2.739 -2.739 -2.739 -2.739 -2.739 -2.739 -2.739
-4.204 -4.204 -4.204 -4.204 -4.204 -4.204 -4.204 -4.204 -4.204 -4.204 -4.204 -4.204 -4.204 -4.204 -4.204 -4.204 -4.204 -4.204 -4.204 -4.204 -4.204 -4.361 -4.493 -4.589 -4.634 -4.61 -4.497 -4.271 -3.908 -3.384 -2.681 -1.791 -0.7223 0.4973 1.821 3.186 4.524 5.772 6.882 7.824 8.587 9.174 9.596 9.865 9.992 9.982 9.836 9.547 9.104 8.495 7.713 6.756 5.636 4.386 3.051 1.696 0.3865 -0.8165 -1.867 -2.739 -2.739 -2.739 -2.739 -2.739 -2.739 -2.739 -2.739 -2.739 -2.739 -2.739 -2.739 -2.739 -2.739 -2.739
-4.204 -4.204 -4.204 -4.204 -4.204 -4.204 -4.204 -4.204 -4.204 -4.204 -4.204 -4.204 -4.204 -4.204 -4.204 -4.204 -4.204 -4.204 -4.204 -4.204 -4.204 -4.361 -4.493 -4.589 -4.634 -4.61 -4.497 -4.271 -3.908 -3.384 -2.681 -1.791 -0.7223 0.4973 1.821 3.186 4.524 5.772 6.882 7.824 8.587 9.174 9.596 9.865 9.992 9.982 9.836 9.547 9.104 8.495 7.713 6.756 5.636 4.386 3.051 1.696 0.3865 -0.8165 -1.867 -2.739 -2.739 -2.739 -2.739 -2.739 -2.739 -2.739 -2.739 -2.739 -2.739 -2.739 -2.739 -2.739 -2.739 -2.739
