data/model_dt90inc.grd
DSAA
81 81
-20 60
-20 60
-5.61428 141.916
[rows 0 to 32 of 81, columns 0 to 73 of 81]
-3.129 -3.129 -3.129 -3.129 -3.129 -3.129 -3.129 -3.129 -3.129 -3.129 -3.129 -3.129 -3.129 -3.129 -3.129 -3.129 -3.129 -3.129 -3.129 -3.129 -3.129 -3.277 -3.428 -3.582 -3.736 -3.891 -4.045 -4.195 -4.342 -4.482 -4.616 -4.74 -4.855 -4.958 -5.05 -5.128 -5.194 -5.246 -5.286 -5.313 -5.328 -5.331 -5.324 -5.307 -5.281 -5.247 -5.206 -5.159 -5.106 -5.047 -4.985 -4.917 -4.846 -4.77 -4.689 -4.603 -4.512 -4.415 -4.312 -4.204 -4.204 -4.204 -4.204 -4.204 -4.204 -4.204 -4.204 -4.204 -4.204 -4.204 -4.204 -4.204 -4.204 -4.204
-3.129 -3.129 -3.129 -3.129 -3.129 -3.129 -3.129 -3.129 -3.129 -3.129 -3.129 -3.129 -3.129 -3.129 -3.129 -3.129 -3.129 -3.129 -3.129 -3.129 -3.129 -3.277 -3.428 -3.582 -3.736 -3.891 -4.045 -4.195 -4.342 -4.482 -4.616 -4.74 -4.855 -4.958 -5.05 -5.128 -5.194 -5.246 -5.286 -5.313 -5.328 -5.331 -5.324 -5.307 -5.281 -5.247 -5.206 -5.159 -5.106 -5.047 -4.985 -4.917 -4.846 -4.77 -4.689 -4.603 -4.512 -4.415 -4.312 -4.204 -4.204 -4.204 -4.204 -4.204 -4.204 -4.204 -4.204 -4.204 -4.204 -4.204 -4.204 -4.204 -4.204 -4.204
-3.129 -3.129 -3.129 -3.129 -3.129 -3.129 -3.129 -3.129 -3.129 -3.129 -3.129 -3.129 -3.129 -3.129 -3.129 -3.129 -3.129 -3.129 -3.129 -3.129 -3.129 -3.277 -3.428 -3.582 -3.736 -3.891 -4.045 -4.195 -4.342 -4.482 -4.616 -4.74 -4.855 -4.958 -5.05 -5.128 -5.194 -5.246 -5.286 -5.313 -5.328 -5.331 -5.324 -5.307 -5.281 -5.247 -5.206 -5.159 -5.106 -5.047 -4.985 -4.917 -4.846 -4.77 -4.689 -4.603 -4.512 -4.415 -4.312 -4.204 -4.204 -4.204 -4.204 -4.204 -4.204 -4.204 -4.204 -4.204 -4.204 -4.204 -4.204 -4.204 -4.204 -4.204
-3.129 -3.129 -3.129 -3.129 -3.129 -3.129 -3.129 -3.129 -3.129 -3.129 -3.129 -3.129 -3.129 -3.129 -3.129 -3.129 -3.129 -3.129 -3.129 -3.129 -3.129 -3.277 -3.428 -3.582 -3.736 -3.891 -4.045 -4.195 -4.342 -4.482 -4.616 -4.74 -4.855 -4.958 -5.05 -5.128 -5.194 -5.246 -5.286 -5.313 -5.328 -5.331 -5.324 -5.307 -5.281 -5.247 -5.206 -5.159 -5.106 -5.047 -4.985 -4.917 -4.846 -4.77 -4.689 -4.603 -4.512 -4.415 -4.312 -4.204 -4.204 -4.204 -4.204 -4.204 -4.204 -4.204 -4.204 -4.204 -4.204 -4.204 -4.204 -4.204 -4.204 -4.204
-3.129 -3.129 -3.129 -3.129 -3.129 -3.129 -3.129 -3.129 -3.129 -3.129 -3.129 -3.129 -3.129 -3.129 -3.129 -3.129 -3.129 -3.129 -3.129 -3.129 -3.129 -3.277 -3.428 -3.582 -3.736 -3.891 -4.045 -4.195 -4.342 -4.482 -4.616 -4.74 -4.855 -4.958 -5.05 -5.128 -5.194 -5.246 -5.286 -5.313 -5.328 -5.331 -5.324 -5.307 -5.281 -5.247 -5.206 -5.159 -5.106 -5.047 -4.985 -4.917 -4.846 -4.77 -4.689 -4.603 -4.512 -4.415 -4.312 -4.204 -4.204 -4.204 -4.204 -4.204 -4.204 -4.204 -4.204 -4.204 -4.204 -4.204 -4.204 -4.204 -4.204 -4.204
-3.129 -3.129 -3.129 -3.129 -3.129 -3.129 -3.129 -3.129 -3.129 -3.129 -3.129 -3.129 -3.129 -3.129 -3.129 -3.129 -3.129 -3.129 -3.129 -3.129 -3.129 -3.277 -3.428 -3.582 -3.736 -3.891 -4.045 -4.195 -4.342 -4.482 -4.616 -4.74 -4.855 -4.958 -5.05 -5.128 -5.194 -5.246 -5.286 -5.313 -5.328 -5.331 -5.324 -5.307 -5.281 -5.247 -5.206 -5.159 -5.106 -5.047 -4.985 -4.917 -4.846 -4.77 -4.689 -4.603 -4.512 -4.415 -4.312 -4.204 -4.204 -4.204 -4.204 -4.204 -4.204 -4.204 -4.204 -4.204 -4.204 -4.204 -4.204 -4.204 -4.204 -4.204
-3.129 -3.129 -3.129 -3.129 -3.129 -3.129 -3.129 -3.129 -3.129 -3.129 -3.129 -3.129 -3.129 -3.129 -3.129 -3.129 -3.129 -3.129 -3.129 -3.129 -3.129 -3.277 -3.428 -3.582 -3.736 -3.891 -4.045 -4.195 -4.342 -4.482 -4.616 -4.74 -4.855 -4.958 -5.05 -5.128 -5.194 -5.246 -5.286 -5.313 -5.328 -5.331 -5.324 -5.307 -5.281 -5.247 -5.206 -5.159 -5.106 -5.047 -4.985 -4.917 -4.846 -4.77 -4.689 -4.603 -4.512 -4.415 -4.312 -4.204 -4.204 -4.204 -4.204 -4.204 -4.204 -4.204 -4.204 -4.204 -4.204 -4.204 -4.204 -4.204 -4.204 -4.204
-3.129 -3.129 -3.129 -3.129 -3.129 -3.129 -3.129 -3.129 -3.129 -3.129 -3.129 -3.129 -3.129 -3.129 -3.129 -3.129 -3.129 -3.129 -3.129 -3.129 -3.129 -3.277 -3.428 -3.582 -3.736 -3.891 -4.045 -4.195 -4.342 -4.482 -4.616 -4.74 -4.855 -4.958 -5.05 -5.128 -5.194 -5.246 -5.286 -5.313 -5.328 -5.331 -5.324 -5.307 -5.281 -5.247 -5.206 -5.159 -5.106 -5.047 -4.985 -4.917 -4.846 -4.77 -4.689 -4.603 -4.512 -4.415 -4.312 -4.204 -4.204 -4.204 -4.204 -4.204 -4.204 -4.204 -4.204 -4.204 -4.204 -4.204 -4.204 -4.204 -4.204 -4.204
-3.129 -3.129 -3.129 -3.129 -3.129 -3.129 -3.129 -3.129 -3.129 -3.129 -3.129 -3.129 -3.129 -3.129 -3.129 -3.129 -3.129 -3.129 -3.129 -3.129 -3.129 -3.277 -3.428 -3.582 -3.736 -3.891 -4.045 -4.195 -4.342 -4.482 -4.616 -4.74 -4.855 -4.958 -5.05 -5.128 -5.194 -5.246 -5.286 -5.313 -5.328 -5.331 -5.324 -5.307 -5.281 -5.247 -5.206 -5.159 -5.106 -5.047 -4.985 -4.917 -4.846 -4.77 -4.689 -4.603 -4.512 -4.415 -4.312 -4.204 -4.204 -4.204 -4.204 -4.204 -4.204 -4.204 -4.204 -4.204 -4.204 -4.204 -4.204 -4.204 -4.204 -4.204
-3.129 -3.129 -3.129 -3.129 -3.129 -3.129 -3.129 -3.129 -3.129 -3.129 -3.129 -3.129 -3.129 -3.129 -3.129 -3.129 -3.129 -3.129 -3.129 -3.129 -3.129 -3.277 -3.428 -3.582 -3.736 -3.891 -4.045 -4.195 -4.342 -4.482 -4.616 -4.74 -4.855 -4.958 -5.05 -5.128 -5.194 -5.246 -5.286 -5.313 -5.328 -5.331 -5.324 -5.307 -5.281 -5.247 -5.206 -5.159 -5.106 -5.047 -4.985 -4.917 -4.846 -4.77 -4.689 -4.603 -4.512 -4.415 -4.312 -4.204 -4.204 -4.204 -4.204 -4.204 -4.204 -4.204 -4.204 -4.204 -4.204 -4.204 -4.204 -4.204 -4.204 -4.204
-3.129 -3.129 -3.129 -3.129 -3.129 -3.129 -3.129 -3.129 -3.129 -3.129 -3.129 -3.129 -3.129 -3.129 -3.129 -3.129 -3.129 -3.129 -3.129 -3.129 -3.129 -3.277 -3.428 -3.582 -3.736 -3.891 -4.045 -4.195 -4.342 -4.482 -4.616 -4.74 -4.855 -4.958 -5.05 -5.128 -5.194 -5.246 -5.286 -5.313 -5.328 -5.331 -5.324 -5.307 -5.281 -5.247 -5.206 -5.159 -5.106 -5.047 -4.985 -4.917 -4.846 -4.77 -4.689 -4.603 -4.512 -4.415 -4.312 -4.204 -4.204 -4.204 -4.204 -4.204 -4.204 -4.204 -4.204 -4.204 -4.204 -4.204 -4.204 -4.204 -4.204 -4.204
-3.129 -3.129 -3.129 -3.129 -3.129 -3.129 -3.129 -3.129 -3.129 -3.129 -3.129 -3.129 -3.129 -3.129 -3.129 -3.129 -3.129 -3.129 -3.129 -3.129 -3.129 -3.277 -3.428 -3.582 -3.736 -3.891 -4.045 -4.195 -4.342 -4.482 -4.616 -4.74 -4.855 -4.958 -5.05 -5.128 -5.194 -5.246 -5.286 -5.313 -5.328 -5.331 -5.324 -5.307 -5.281 -5.247 -5.206 -5.159 -5.106 -5.047 -4.985 -4.917 -4.846 -4.77 -4.689 -4.603 -4.512 -4.415 -4.312 -4.204 -4.204 -4.204 -4.204 -4.204 -4.204 -4.204 -4.204 -4.204 -4.204 -4.204 -4.204 -4.204 -4.204 -4.204
-3.129 -3.129 -3.129 -3.129 -3.129 -3.129 -3.129 -3.129 -3.129 -3.129 -3.129 -3.129 -3.129 -3.129 -3.129 -3.129 -3.129 -3.129 -3.129 -3.129 -3.129 -3.277 -3.428 -3.582 -3.736 -3.891 -4.045 -4.195 -4.342 -4.482 -4.616 -4.74 -4.855 -4.958 -5.05 -5.128 -5.194 -5.246 -5.286 -5.313 -5.328 -5.331 -5.324 -5.307 -5.281 -5.247 -5.206 -5.159 -5.106 -5.047 -4.985 -4.917 -4.846 -4.77 -4.689 -4.603 -4.512 -4.415 -4.312 -4.204 -4.204 -4.204 -4.204 -4.204 -4.204 -4.204 -4.204 -4.204 -4.204 -4.204 -4.204 -4.204 -4.204 -4.204
-3.129 -3.129 -3.129 -3.129 -3.129 -3.129 -3.129 -3.129 -3.129 -3.129 -3.129 -3.129 -3.129 -3.129 -3.129 -3.129 -3.129 -3.129 -3.129 -3.129 -3.129 -3.277 -3.428 -3.582 -3.736 -3.891 -4.045 -4.195 -4.342 -4.482 -4.616 -4.74 -4.855 -4.958 -5.05 -5.128 -5.194 -5.246 -5.286 -5.313 -5.328 -5.331 -5.324 -5.307 -5.281 -5.247 -5.206 -5.159 -5.106 -5.047 -4.985 -4.917 -4.846 -4.77 -4.689 -4.603 -4.512 -4.415 -4.312 -4.204 -4.204 -4.204 -4.204 -4.204 -4.204 -4.204 -4.204 -4.204 -4.204 -4.204 -4.204 -4.204 -4.204 -4.204
-3.129 -3.129 -3.129 -3.129 -3.129 -3.129 -3.129 -3.129 -3.129 -3.129 -3.129 -3.129 -3.129 -3.129 -3.129 -3.129 -3.129 -3.129 -3.129 -3.129 -3.129 -3.277 -3.428 -3.582 -3.736 -3.891 -4.045 -4.195 -4.342 -4.482 -4.616 -4.74 -4.855 -4.958 -5.05 -5.128 -5.194 -5.246 -5.286 -5.313 -5.328 -5.331 -5.324 -5.307 -5.281 -5.247 -5.206 -5.159 -5.106 -5.047 -4.985 -4.917 -4.846 -4.77 -4.689 -4.603 -4.512 -4.415 -4.312 -4.204 -4.204 -4.204 -4.204 -4.204 -4.204 -4.204 -4.204 -4.204 -4.204 -4.204 -4.204 -4.204 -4.204 -4.204
-3.129 -3.129 -3.129 -3.129 -3.129 -3.129 -3.129 -3.129 -3.129 -3.129 -3.129 -3.129 -3.129 -3.129 -3.129 -3.129 -3.129 -3.129 -3.129 -3.129 -3.129 -3.277 -3.428 -3.582 -3.736 -3.891 -4.045 -4.195 -4.342 -4.482 -4.616 -4.74 -4.855 -4.958 -5.05 -5.128 -5.194 -5.246 -5.286 -5.313 -5.328 -5.331 -5.324 -5.307 -5.281 -5.247 -5.206 -5.159 -5.106 -5.047 -4.985 -4.917 -4.846 -4.77 -4.689 -4.603 -4.512 -4.415 -4.312 -4.204 -4.204 -4.204 -4.204 -4.204 -4.204 -4.204 -4.204 -4.204 -4.204 -4.204 -4.204 -4.204 -4.204 -4.204
-3.129 -3.129 -3.129 -3.129 -3.129 -3.129 -3.129 -3.129 -3.129 -3.129 -3.129 -3.129 -3.129 -3.129 -3.129 -3.129 -3.129 -3.129 -3.129 -3.129 -3.129 -3.277 -3.428 -3.582 -3.736 -3.891 -4.045 -4.195 -4.342 -4.482 -4.616 -4.74 -4.855 -4.958 -5.05 -5.128 -5.194 -5.246 -5.286 -5.313 -5.328 -5.331 -5.324 -5.307 -5.281 -5.247 -5.206 -5.159 -5.106 -5.047 -4.985 -4.917 -4.846 -4.77 -4.689 -4.603 -4.512 -4.415 -4.312 -4.204 -4.204 -4.204 -4.204 -4.204 -4.204 -4.204 -4.204 -4.204 -4.204 -4.204 -4.204 -4.204 -4.204 -4.204
-3.129 -3.129 -3.129 -3.129 -3.129 -3.129 -3.129 -3.129 -3.129 -3.129 -3.129 -3.129 -3.129 -3.129 -3.129 -3.129 -3.129 -3.129 -3.129 -3.129 -3.129 -3.277 -3.428 -3.582 -3.736 -3.891 -4.045 -4.195 -4.342 -4.482 -4.616 -4.74 -4.855 -4.958 -5.05 -5.128 -5.194 -5.246 -5.286 -5.313 -5.328 -5.331 -5.324 -5.307 -5.281 -5.247 -5.206 -5.159 -5.106 -5.047 -4.985 -4.917 -4.846 -4.77 -4.689 -4.603 -4.512 -4.415 -4.312 -4.204 -4.204 -4.204 -4.204 -4.204 -4.204 -4.204 -4.204 -4.204 -4.204 -4.204 -4.204 -4.204 -4.204 -4.204
-3.129 -3.129 -3.129 -3.129 -3.129 -3.129 -3.129 -3.129 -3.129 -3.129 -3.129 -3.129 -3.129 -3.129 -3.129 -3.129 -3.129 -3.129 -3.129 -3.129 -3.129 -3.277 -3.428 -3.582 -3.736 -3.891 -4.045 -4.195 -4.342 -4.482 -4.616 -4.74 -4.855 -4.958 -5.05 -5.128 -5.194 -5.246 -5.286 -5.313 -5.328 -5.331 -5.324 -5.307 -5.281 -5.247 -5.206 -5.159 -5.106 -5.047 -4.985 -4.917 -4.846 -4.77 -4.689 -4.603 -4.512 -4.415 -4.312 -4.204 -4.204 -4.204 -4.204 -4.204 -4.204 -4.204 -4.204 -4.204 -4.204 -4.204 -4.204 -4.204 -4.204 -4.204
-3.129 -3.129 -3.129 -3.129 -3.129 -3.129 -3.129 -3.129 -3.129 -3.129 -3.129 -3.129 -3.129 -3.129 -3.129 -3.129 -3.129 -3.129 -3.129 -3.129 -3.129 -3.277 -3.428 -3.582 -3.736 -3.891 -4.045 -4.195 -4.342 -4.482 -4.616 -4.74 -4.855 -4.958 -5.05 -5.128 -5.194 -5.246 -5.286 -5.313 -5.328 -5.331 -5.324 -5.307 -5.281 -5.247 -5.206 -5.159 -5.106 -5.047 -4.985 -4.917 -4.846 -4.77 -4.689 -4.603 -4.512 -4.415 -4.312 -4.204 -4.204 -4.204 -4.204 -4.204 -4.204 -4.204 -4.204 -4.204 -4.204 -4.204 -4.204 -4.204 -4.204 -4.204
-3.129 -3.129 -3.129 -3.129 -3.129 -3.129 -3.129 -3.129 -3.129 -3.129 -3.129 -3.129 -3.129 -3.129 -3.129 -3.129 -3.129 -3.129 -3.129 -3.129 -3.129 -3.277 -3.428 -3.582 -3.736 -3.891 -4.045 -4.195 -4.342 -4.482 -4.616 -4.74 -4.855 -4.958 -5.05 -5.128 -5.194 -5.246 -5.286 -5.313 -5.328 -5.331 -5.324 -5.307 -5.281 -5.247 -5.206 -5.159 -5.106 -5.047 -4.985 -4.917 -4.846 -4.77 -4.689 -4.603 -4.512 -4.415 -4.312 -4.204 -4.204 -4.204 -4.204 -4.204 -4.204 -4.204 -4.204 -4.204 -4.204 -4.204 -4.204 -4.204 -4.204 -4.204
-3.277 -3.277 -3.277 -3.277 -3.277 -3.277 -3.277 -3.277 -3.277 -3.277 -3.277 -3.277 -3.277 -3.277 -3.277 -3.277 -3.277 -3.277 -3.277 -3.277 -3.277 -3.436 -3.598 -3.762 -3.927 -4.091 -4.254 -4.412 -4.565 -4.711 -4.847 -4.972 -5.085 -5.184 -5.269 -5.339 -5.394 -5.435 -5.462 -5.476 -5.477 -5.468 -5.448 -5.42 -5.384 -5.342 -5.295 -5.244 -5.189 -5.132 -5.072 -5.01 -4.945 -4.877 -4.806 -4.73 -4.648 -4.559 -4.464 -4.361 -4.361 -4.361 -4.361 -4.361 -4.361 -4.361 -4.361 -4.361 -4.361 -4.361 -4.361 -4.361 -4.361 -4.361
-3.428 -3.428 -3.428 -3.428 -3.428 -3.428 -3.428 -3.428 -3.428 -3.428 -3.428 -3.428 -3.428 -3.428 -3.428 -3.428 -3.428 -3.428 -3.428 -3.428 -3.428 -3.598 -3.77 -3.945 -4.119 -4.293 -4.463 -4.628 -4.785 -4.932 -5.067 -5.188 -5.293 -5.381 -5.452 -5.506 -5.542 -5.563 -5.569 -5.562 -5.543 -5.514 -5.477 -5.433 -5.385 -5.333 -5.279 -5.224 -5.17 -5.116 -5.064 -5.013 -4.963 -4.911 -4.857 -4.799 -4.736 -4.664 -4.583 -4.493 -4.493 -4.493 -4.493 -4.493 -4.493 -4.493 -4.493 -4.493 -4.493 -4.493 -4.493 -4.493 -4.493 -4.493
-3.582 -3.582 -3.582 -3.582 -3.582 -3.582 -3.582 -3.582 -3.582 -3.582 -3.582 -3.582 -3.582 -3.582 -3.582 -3.582 -3.582 -3.582 -3.582 -3.582 -3.582 -3.762 -3.945 -4.129 -4.313 -4.494 -4.67 -4.838 -4.996 -5.139 -5.267 -5.375 -5.464 -5.531 -5.577 -5.603 -5.609 -5.598 -5.571 -5.533 -5.484 -5.427 -5.365 -5.3 -5.234 -5.169 -5.108 -5.051 -5 -4.956 -4.918 -4.887 -4.861 -4.837 -4.814 -4.787 -4.754 -4.711 -4.657 -4.589 -4.589 -4.589 -4.589 -4.589 -4.589 -4.589 -4.589 -4.589 -4.589 -4.589 -4.589 -4.589 -4.589 -4.589
-3.736 -3.736 -3.736 -3.736 -3.736 -3.736 -3.736 -3.736 -3.736 -3.736 -3.736 -3.736 -3.736 -3.736 -3.736 -3.736 -3.736 -3.736 -3.736 -3.736 -3.736 -3.927 -4.119 -4.313 -4.504 -4.691 -4.871 -5.038 -5.19 -5.323 -5.434 -5.52 -5.578 -5.61 -5.614 -5.594 -5.552 -5.492 -5.417 -5.332 -5.24 -5.144 -5.048 -4.955 -4.867 -4.787 -4.717 -4.66 -4.617 -4.589 -4.576 -4.577 -4.59 -4.611 -4.636 -4.659 -4.674 -4.678 -4.665 -4.634 -4.634 -4.634 -4.634 -4.634 -4.634 -4.634 -4.634 -4.634 -4.634 -4.634 -4.634 -4.634 -4.634 -4.634
-3.891 -3.891 -3.891 -3.891 -3.891 -3.891 -3.891 -3.891 -3.891 -3.891 -3.891 -3.891 -3.891 -3.891 -3.891 -3.891 -3.891 -3.891 -3.891 -3.891 -3.891 -4.091 -4.293 -4.494 -4.691 -4.881 -5.059 -5.22 -5.359 -5.472 -5.553 -5.599 -5.609 -5.582 -5.521 -5.43 -5.315 -5.181 -5.036 -4.885 -4.733 -4.584 -4.443 -4.312 -4.196 -4.097 -4.019 -3.965 -3.936 -3.935 -3.961 -4.012 -4.085 -4.174 -4.272 -4.37 -4.461 -4.535 -4.586 -4.61 -4.61 -4.61 -4.61 -4.61 -4.61 -4.61 -4.61 -4.61 -4.61 -4.61 -4.61 -4.61 -4.61 -4.61
-4.045 -4.045 -4.045 -4.045 -4.045 -4.045 -4.045 -4.045 -4.045 -4.045 -4.045 -4.045 -4.045 -4.045 -4.045 -4.045 -4.045 -4.045 -4.045 -4.045 -4.045 -4.254 -4.463 -4.67 -4.871 -5.059 -5.23 -5.376 -5.492 -5.569 -5.601 -5.585 -5.517 -5.4 -5.238 -5.039 -4.814 -4.574 -4.329 -4.087 -3.854 -3.636 -3.436 -3.259 -3.108 -2.988 -2.902 -2.856 -2.851 -2.89 -2.973 -3.099 -3.26 -3.45 -3.657 -3.867 -4.068 -4.246 -4.392 -4.497 -4.497 -4.497 -4.497 -4.497 -4.497 -4.497 -4.497 -4.497 -4.497 -4.497 -4.497 -4.497 -4.497 -4.497
-4.195 -4.195 -4.195 -4.195 -4.195 -4.195 -4.195 -4.195 -4.195 -4.195 -4.195 -4.195 -4.195 -4.195 -4.195 -4.195 -4.195 -4.195 -4.195 -4.195 -4.195 -4.412 -4.628 -4.838 -5.038 -5.22 -5.376 -5.498 -5.575 -5.597 -5.555 -5.442 -5.255 -4.998 -4.681 -4.319 -3.931 -3.538 -3.154 -2.792 -2.458 -2.155 -1.886 -1.654 -1.463 -1.319 -1.229 -1.196 -1.228 -1.326 -1.493 -1.724 -2.013 -2.348 -2.712 -3.084 -3.443 -3.77 -4.05 -4.271 -4.271 -4.271 -4.271 -4.271 -4.271 -4.271 -4.271 -4.271 -4.271 -4.271 -4.271 -4.271 -4.271 -4.271
-4.342 -4.342 -4.342 -4.342 -4.342 -4.342 -4.342 -4.342 -4.342 -4.342 -4.342 -4.342 -4.342 -4.342 -4.342 -4.342 -4.342 -4.342 -4.342 -4.342 -4.342 -4.565 -4.785 -4.996 -5.19 -5.359 -5.492 -5.575 -5.594 -5.534 -5.381 -5.123 -4.755 -4.283 -3.726 -3.114 -2.484 -1.873 -1.305 -0.795 -0.3454 0.04773 0.3883 0.6765 0.9075 1.074 1.165 1.173 1.089 0.9076 0.6254 0.2456 -0.2223 -0.7607 -1.344 -1.943 -2.525 -3.061 -3.527 -3.908 -3.908 -3.908 -3.908 -3.908 -3.908 -3.908 -3.908 -3.908 -3.908 -3.908 -3.908 -3.908 -3.908 -3.908
-4.482 -4.482 -4.482 -4.482 -4.482 -4.482 -4.482 -4.482 -4.482 -4.482 -4.482 -4.482 -4.482 -4.482 -4.482 -4.482 -4.482 -4.482 -4.482 -4.482 -4.482 -4.711 -4.932 -5.139 -5.323 -5.472 -5.569 -5.597 -5.534 -5.358 -5.042 -4.568 -3.922 -3.114 -2.178 -1.173 -0.1761 0.745 1.545 2.212 2.76 3.216 3.604 3.931 4.192 4.372 4.456 4.427 4.27 3.975 3.537 2.956 2.246 1.429 0.5439 -0.366 -1.252 -2.071 -2.789 -3.384 -3.384 -3.384 -3.384 -3.384 -3.384 -3.384 -3.384 -3.384 -3.384 -3.384 -3.384 -3.384 -3.384 -3.384
-4.616 -4.616 -4.616 -4.616 -4.616 -4.616 -4.616 -4.616 -4.616 -4.616 -4.616 -4.616 -4.616 -4.616 -4.616 -4.616 -4.616 -4.616 -4.616 -4.616 -4.616 -4.847 -5.067 -5.267 -5.434 -5.553 -5.601 -5.555 -5.381 -5.042 -4.497 -3.702 -2.629 -1.28 0.2841 1.938 3.518 4.882 5.949 6.719 7.259 7.665 8.009 8.317 8.575 8.752 8.812 8.728 8.474 8.031 7.389 6.546 5.516 4.332 3.045 1.722 0.4316 -0.7612 -1.808 -2.681 -2.681 -2.681 -2.681 -2.681 -2.681 -2.681 -2.681 -2.681 -2.681 -2.681 -2.681 -2.681 -2.681 -2.681
-4.74 -4.74 -4.74 -4.74 -4.74 -4.74 -4.74 -4.74 -4.74 -4.74 -4.74 -4.74 -4.74 -4.74 -4.74 -4.74 -4.74 -4.74 -4.74 -4.74 -4.74 -4.972 -5.188 -5.375 -5.52 -5.599 -5.585 -5.442 -5.123 -4.568 -3.702 -2.44 -0.7 1.548 4.207 7.007 9.574 11.59 12.9 13.55 13.76 13.8 13.87 14.02 14.2 14.34 14.35 14.19 13.81 13.19 12.29 11.11 9.677 8.023 6.223 4.368 2.561 0.8917 -0.5713 -1.791 -1.791 -1.791 -1.791 -1.791 -1.791 -1.791 -1.791 -1.791 -1.791 -1.791 -1.791 -1.791 -1.791 -1.791
-4.855 -4.855 -4.855 -4.855 -4.855 -4.855 -4.855 -4.855 -4.855 -4.855 -4.855 -4.855 -4.855 -4.855 -4.855 -4.855 -4.855 -4.855 -4.855 -4.855 -4.855 -5.085 -5.293 -5.464 -5.578 -5.609 -5.517 -5.255 -4.755 -3.922 -2.629 -0.7 2.073 5.839 10.48 15.42 19.75 22.76 24.17 24.1 23.16 22.09 21.4 21.13 21.12 21.16 21.1 20.84 20.31 19.45 18.25 16.67 14.74 12.51 10.08 7.573 5.131 2.881 0.9136 -0.7223 -0.7223 -0.7223 -0.7223 -0.7223 -0.7223 -0.7223 -0.7223 -0.7223 -0.7223 -0.7223 -0.7223 -0.7223 -0.7223 -0.7223
